4294967278,132
4294967278,131
4294967278,130
4294967278,129
4294967278,256
4294967278,128
4294967278,255
4294967278,127
4294967278,126
4294967278,125
4294967278,251
4294967278,124
4294967278,249
4294967278,123
4294967278,247
4294967278,122
4294967278,245
4294967278,121
4294967278,120
4294967278,119
4294967278,241
4294967278,118
4294967278,117
4294967278,116
4294967278,115
4294967278,114
4294967278,113
4294967278,112
4294967278,111
4294967278,110
4294967278,109
4294967278,108
4294967278,107
4294967278,106
4294967278,105
4294967278,104
4294967278,103
4294967278,102
4294967278,101
4294967278,100
4294967278,99
4294967278,98
4294967278,97
4294967278,96
4294967278,95
4294967278,94
4294967278,93
4294967278,92
4294967278,91
4294967278,90
4294967278,89
4294967278,87
4294967278,86
4294967278,85
4294967278,84
4294967278,83
4294967278,82
4294967278,81
4294967278,80
4294967278,79
4294967278,78
4294967278,77
4294967278,76
4294967278,75
4294967278,74
4294967278,73
4294967278,72
4294967278,71
4294967278,70
4294967278,69
4294967278,68
4294967278,67
4294967278,66
4294967278,65
4294967278,64
4294967278,63
4294967278,62
4294967278,61
4294967278,60
4294967278,59
4294967278,58
4294967278,57
4294967278,56
4294967278,55
4294967278,54
4294967278,53
4294967278,52
4294967278,51
4294967278,50
4294967278,49
4294967278,48
4294967278,47
4294967278,46
4294967278,45
4294967278,44
4294967278,43
4294967278,42
4294967278,41
4294967278,40
4294967278,39
4294967278,38
4294967278,37
4294967278,36
4294967278,35
4294967278,34
4294967278,33
4294967278,32
4294967278,31
4294967278,30
4294967278,277
4294967278,29
4294967278,276
4294967278,28
4294967278,27
4294967278,275
4294967278,26
4294967278,25
4294967278,23
4294967278,22
4294967278,21
4294967278,20
4294967278,19
4294967278,271
4294967278,18
4294967278,17
4294967278,16
4294967278,15
4294967278,14
4294967278,13
4294967278,12
4294967278,264
4294967278,11
4294967278,10
4294967278,9
4294967278,8
4294967278,261
4294967278,7
4294967278,6
4294967278,5
4294967278,88
4294967278,259
4294967278,4
4294967279,263
4294967279,132
4294967279,131
4294967279,130
4294967279,129
4294967279,128
4294967279,127
4294967279,126
4294967279,275
4294967279,23
4294967279,22
4294967279,21
4294967279,20
4294967279,19
4294967279,18
4294967279,17
4294967279,16
4294967279,269
4294967279,15
4294967279,14
4294967279,13
4294967279,12
4294967279,11
4294967279,10
4294967279,9
4294967279,8
4294967279,7
4294967279,264
4294967279,6
4294967279,5
4294967279,4
0,5
4294967278,274
4294967294,593
4294967294,69
4294967278,136
4294967278,24
4294967294,9
4294967279,137
4294967294,68
4294967294,89
4294967279,136
4294967279,288
4294967279,260
4294967279,0
4294967279,24
4294967278,135
4294967294,577
4294967294,66
4294967294,392
4294967294,166
4294967294,168
4294967294,161
4294967294,165
4294967294,24
4294967294,113
4294967294,17
4294967294,42
4294967294,67
4294967294,76
4294967294,36
4294967294,39
4294967294,41
4294967294,115
4294967294,43
4294967294,391
4294967294,51
4294967294,52
4294967294,112
4294967294,167
4294967294,162
4294967294,35
4294967294,446
4294967294,587
4294967294,447
4294967294,429
4294967294,433
4294967294,1058
4294967294,1057
4294967294,434
4294967294,605
4294967294,425
4294967294,428
4294967294,436
4294967278,174
4294967278,318
4294967278,260
4294967278,484
4294967294,1453
4294967294,1452
4294967278,483
4294967294,1451
4294967278,482
4294967294,1450
4294967278,481
4294967294,1449
4294967294,1361
4294967278,480
4294967294,1448
4294967294,1447
4294967278,479
4294967294,1446
4294967278,478
4294967294,1445
4294967294,1360
4294967278,477
4294967294,1444
4294967294,1443
4294967278,476
4294967294,1442
4294967278,475
4294967294,423
4294967294,8
4294967279,274
4294967294,1241
4294967294,1081
4294967294,530
4294967294,1246
4294967294,1245
4294967294,525
4294967294,104
4294967294,105
4294967294,1441
4294967294,524
4294967294,526
4294967294,422
4294967294,1071
4294967294,29
4294967294,1069
4294967294,424
4294967294,106
4294967294,107
4294967294,103
4294967294,102
4294967294,101
4294967294,100
4294967294,99
4294967294,97
4294967294,98
4294967294,92
4294967294,91
4294967294,90
4294967294,88
4294967294,87
4294967294,86
4294967294,85
4294967294,82
4294967294,184
4294967294,415
4294967294,185
4294967294,430
4294967294,1087
4294967294,28
4294967294,27
4294967294,522
4294967294,25
4294967294,26
4294967294,432
4294967294,46
4294967294,399
4294967294,441
4294967294,2
4294967294,394
4294967294,427
4294967294,1059
4294967294,420
4294967294,53
4294967294,84
4294967294,1359
4294967278,474
4294967294,1440
4294967294,1439
4294967278,473
4294967294,1438
4294967278,472
4294967294,1437
4294967294,1436
4294967278,471
4294967294,1435
4294967278,470
4294967294,1434
4294967278,469
4294967294,1433
4294967294,1432
4294967278,468
4294967294,1431
4294967278,467
4294967294,1358
4294967294,1430
4294967294,1429
4294967278,466
4294967278,0
4294967294,1428
4294967278,465
4294967294,1427
4294967294,5
4294967294,1426
4294967294,586
4294967278,464
4294967294,1425
4294967294,1357
4294967278,463
4294967294,1424
4294967278,462
4294967294,1423
4294967294,1422
4294967278,461
4294967294,1421
4294967278,460
4294967294,1420
4294967278,459
4294967294,1419
4294967294,1418
4294967278,458
4294967294,1417
4294967278,457
4294967294,1416
4294967294,1356
4294967294,1415
4294967278,456
4294967294,1414
4294967278,455
4294967294,1355
4294967294,1413
4294967278,454
4294967294,1
4294967294,1412
4294967294,0
4294967294,1411
4294967278,453
4294967294,1410
4294967278,452
4294967294,1409
4294967278,451
4294967294,1354
4294967294,1408
4294967278,450
4294967278,449
4294967278,448
4294967278,447
4294967294,1353
4294967278,446
4294967278,445
4294967278,444
4294967278,443
4294967278,442
4294967278,441
4294967278,440
